# 8 Threads #
4.350647
4.693475
4.394985
4.371533
4.796489
4.788422
4.625160

# 4 Threads #
7.421183
7.788200
7.400666
7.494951
7.549830
7.814597
7.936591

# 2 Threads #
12.903430
14.425304
13.616079
12.635278
12.060378
12.135130
11.018364

# 8 Threads #
2.499165
2.306986
2.431115
2.413557
2.426105
2.362536

# 4 Threads #
3.858849
3.930564
4.040171
3.522840
3.185770
3.679784
3.928326

# 2 Threads #
6.990188
5.716509
6.548191
7.123147
6.191869
6.837662
6.901162

# 8 Threads #
1.238724
1.298015
1.313912
1.303212
1.262820
1.270800
1.315206

# 4 Threads #
1.966935
2.107604
1.980902
1.842227
2.054755
2.041423
1.973502


# 2 Threads #
3.159305
3.313138
3.574982
3.359010
3.417166
3.592191
3.480468


# 8 Threads#
0.744794
0.744828
0.701006
0.753399
0.751201
0.709870
0.705874

# 4 Threads #
1.063553
1.006082
1.034806
1.163000
1.029780
1.054632
1.063447

# 2 Threads #
1.835079
1.875125
1.786650
1.718085
1.787899
1.827389
1.774488




