# 8 Threads #
64000000, 4.498542
64000000, 4.498542
64000000, 4.526527
64000000, 4.164567
64000000, 4.225797
64000000, 4.643905
64000000, 4.987485


# 4 Threads #
64000000, 8.755132
64000000, 9.207646
64000000, 8.499919
64000000, 8.582087
64000000, 8.291464
64000000, 8.263589
64000000, 8.642882

# 2 Threads #
64000000, 14.296857
64000000, 16.228353
64000000, 14.024284
64000000, 10.906313
64000000, 13.839772
64000000, 14.890455
64000000, 13.352396

# 1 Thread #
28.093541
25.877652
26.065336
18.875715
23.342071
20.474088
21.501622


# 8 Threads #
32000000, 2.502752
32000000, 2.349397
32000000, 2.311672
32000000, 2.502036
32000000, 2.366901
32000000, 2.512841
32000000, 2.268744

# 4 Threads #
32000000, 4.617674
32000000, 4.660611
32000000, 4.390191
32000000, 4.425986
32000000, 4.278401
32000000, 4.340982
32000000, 4.323282

# 2 Threads #
32000000, 7.312690
32000000, 7.997349
32000000, 8.462725
32000000, 7.562178
32000000, 7.182736
32000000, 7.795854
32000000, 8.407155

# 1 Thread #
9.628641
9.786113
8.449423
9.820395
9.856610
8.681490
9.295920


# 8 Threads #
16000000, 1.270782
16000000, 1.281437
16000000, 1.252039
16000000, 1.218219
16000000, 1.293999
16000000, 1.295313
16000000, 1.292798

# 4 Threads#
16000000, 2.056874
16000000, 2.233424
16000000, 2.217269
16000000, 2.365010
16000000, 2.231922
16000000, 2.213681
16000000, 2.101357

# 2 Threads #
16000000, 3.638622
16000000, 4.255120
16000000, 4.101522
16000000, 4.260808
16000000, 4.377046
16000000, 3.883055
16000000, 4.126139

# 1 Thread #
6.494571
6.679271
6.069483
7.399414
6.555611
6.715005

# 8 Threads #
8000000, 0.704651
8000000, 0.695248
8000000, 0.692326
8000000, 0.712615
8000000, 0.679916
8000000, 0.682561
8000000, 0.727372

# 4 Threads #
8000000, 1.122864
8000000, 1.139572
8000000, 1.102804
8000000, 1.108117
8000000, 1.093323
8000000, 1.101329
8000000, 1.093059

# 2 Threads #
8000000, 1.944537
8000000, 1.666364
8000000, 2.032625
8000000, 1.924900
8000000, 1.721898
8000000, 2.017239
8000000, 1.630799

# 1 Thread #
2.784422
3.239340
2.616192
3.546878
3.274617
2.837344
2.731005

